    0.00000000   0.00083662   0.00086432   0.00089244   0.00092098   0.00094995   0.00097935   0.00100918  
    0.00103945   0.00107015   0.00110129   0.00113288   0.00116491   0.00119739   0.00123032   0.00126370  
    0.00129754   0.00133183   0.00136659   0.00140181   0.00143750   0.00147365   0.00151028   0.00154738  
    0.00158495   0.00162301   0.00166154   0.00170056   0.00174006   0.00178006   0.00182054   0.00186151  
    0.00190298   0.00194495   0.00198742   0.00203039   0.00207386   0.00211784   0.00216233   0.00220733  
    0.00225284   0.00229887   0.00234542   0.00239248   0.00244007   0.00248817   0.00253681   0.00258597  
    0.00263566   0.00268589   0.00273665   0.00278794   0.00283977   0.00289214   0.00294505   0.00299850  
    0.00305250   0.00310704   0.00316214   0.00321778   0.00327397   0.00333072   0.00338802   0.00344588  
    0.00350429   0.00356327   0.00362281   0.00368291   0.00374357   0.00380480   0.00386660   0.00392896  
    0.00399190   0.00405540   0.00411948   0.00418413   0.00424936   0.00431516   0.00438154   0.00444849  
    0.00451603   0.00458415   0.00465285   0.00472213   0.00479199   0.00486244   0.00493347   0.00500509  
    0.00507730   0.00515010   0.00522348   0.00529745   0.00537202   0.00544717   0.00552291   0.00559925  
    0.00567618   0.00575370   0.00583182   0.00591053   0.00598983   0.00606973   0.00615023   0.00623132  
    0.00631300   0.00639528   0.00647816   0.00656163   0.00664570   0.00673037   0.00681564   0.00690150  
    0.00698795   0.00707501   0.00716265   0.00725090   0.00733974   0.00742918   0.00751921   0.00760984  
    0.00770107   0.00779288   0.00788530   0.00797830   0.00807190   0.00816610   0.00826088   0.00835626  
    0.00845222   0.00854878   0.00864592   0.00874366   0.00884198   0.00894089   0.00904039   0.00914047  
    0.00924113   0.00934238   0.00944421   0.00954662   0.00964961   0.00975318   0.00985733   0.00996205  
    0.01006734   0.01017321   0.01027966   0.01038667   0.01049425   0.01060240   0.01071111   0.01082039  
    0.01093024   0.01104064   0.01115160   0.01126312   0.01137519   0.01148782   0.01160100   0.01171473  
    0.01182901   0.01194383   0.01205920   0.01217511   0.01229156   0.01240854   0.01252606   0.01264412  
    0.01276270   0.01288181   0.01300145   0.01312160   0.01324228   0.01336348   0.01348519   0.01360742  
    0.01373015   0.01385340   0.01397714   0.01410139   0.01422614   0.01435138   0.01447712   0.01460334  
    0.01473006   0.01485725   0.01498493   0.01511308   0.01524171   0.01537081   0.01550038   0.01563041  
    0.01576091   0.01589186   0.01602327   0.01615512   0.01628743   0.01642018   0.01655336   0.01668699  
    0.01682105   0.01695553   0.01709044   0.01722578   0.01736153   0.01749769   0.01763427   0.01777125  
    0.01790863   0.01804641   0.01818458   0.01832315   0.01846210   0.01860143   0.01874113   0.01888121  
    0.01902166   0.01916247   0.01930365   0.01944517   0.01958705   0.01972927   0.01987184   0.02001474  
    0.02015798   0.02030154   0.02044543   0.02058963   0.02073415   0.02087897   0.02102410   0.02116953  
    0.02131526   0.02146127   0.02160757   0.02175415   0.02190100   0.02204812   0.02219550   0.02234314  
    0.02249104   0.02263919   0.02278758   0.02293620   0.02308506   0.02323415   0.02338346   0.02353298  
    0.02368272   0.02383266   0.02398280   0.02413314   0.02428367   0.02443438   0.02458527   0.02473633  
    0.02488756   0.02503894   0.02519049   0.02534218   0.02549402   0.02564599   0.02579810   0.02595033  
    0.02610269   0.02625516   0.02640773   0.02656041   0.02671319   0.02686606   0.02701901   0.02717204  
    0.02732515   0.02747831   0.02763155   0.02778483   0.02793816   0.02809154   0.02824495   0.02839839  
    0.02855185   0.02870533   0.02885882   0.02901231   0.02916581   0.02931929   0.02947276   0.02962621  
    0.02977964   0.02993302   0.03008637   0.03023967   0.03039292   0.03054611   0.03069924   0.03085229  
    0.03100526   0.03115815   0.03131094   0.03146364   0.03161623   0.03176871   0.03192107   0.03207330  
    0.03222541   0.03237738   0.03252920   0.03268087   0.03283238   0.03298373   0.03313491   0.03328591  
    0.03343673   0.03358735   0.03373778   0.03388800   0.03403801   0.03418780   0.03433737   0.03448671  
    0.03463581   0.03478466   0.03493326   0.03508161   0.03522969   0.03537750   0.03552503   0.03567227  
    0.03581922   0.03596588   0.03611223   0.03625827   0.03640399   0.03654938   0.03669444   0.03683917  
    0.03698355   0.03712757   0.03727124   0.03741454   0.03755747   0.03770002   0.03784219   0.03798396  
    0.03812534   0.03826631   0.03840687   0.03854701   0.03868672   0.03882600   0.03896485   0.03910325  
    0.03924119   0.03937868   0.03951571   0.03965226   0.03978834   0.03992393   0.04005903   0.04019363  
    0.04032773   0.04046132   0.04059439   0.04072694   0.04085896   0.04099045   0.04112139   0.04125179  
    0.04138162   0.04151090   0.04163961   0.04176775   0.04189531   0.04202228   0.04214865   0.04227443  
    0.04239961   0.04252417   0.04264812   0.04277144   0.04289414   0.04301620   0.04313761   0.04325838  
    0.04337850   0.04349796   0.04361675   0.04373487   0.04385231   0.04396908   0.04408515   0.04420053  
    0.04431520   0.04442918   0.04454244   0.04465498   0.04476680   0.04487789   0.04498825   0.04509787  
    0.04520674   0.04531486   0.04542223   0.04552883   0.04563467   0.04573973   0.04584402   0.04594752  
    0.04605024   0.04615216   0.04625329   0.04635361   0.04645312   0.04655182   0.04664969   0.04674675  
    0.04684298   0.04693837   0.04703292   0.04712663   0.04721949   0.04731150   0.04740265   0.04749294  
    0.04758237   0.04767092   0.04775859   0.04784538   0.04793129   0.04801631   0.04810043   0.04818366  
    0.04826598   0.04834740   0.04842791   0.04850750   0.04858617   0.04866392   0.04874074   0.04881663  
    0.04889158   0.04896560   0.04903867   0.04911079   0.04918197   0.04925219   0.04932145   0.04938975  
    0.04945708   0.04952345   0.04958884   0.04965326   0.04971670   0.04977916   0.04984063   0.04990111  
    0.04996061   0.05001910   0.05007660   0.05013310   0.05018859   0.05024308   0.05029656   0.05034902  
    0.05040047   0.05045090   0.05050031   0.05054870   0.05059606   0.05064239   0.05068770   0.05073196  
    0.05077520   0.05081740   0.05085855   0.05089867   0.05093774   0.05097576   0.05101274   0.05104866  
    0.05108354   0.05111736   0.05115012   0.05118183   0.05121247   0.05124206   0.05127058   0.05129804  
    0.05132444   0.05134977   0.05137403   0.05139722   0.05141934   0.05144039   0.05146037   0.05147927  
    0.05149710   0.05151385   0.05152953   0.05154413   0.05155764   0.05157009   0.05158145   0.05159173  
    0.05160093   0.05160905   0.05161609   0.05162204   0.05162691   0.05163070   0.05163341   0.05163504  
    0.05163558   0.05163504   0.05163341   0.05163070   0.05162691   0.05162204   0.05161609   0.05160905  
    0.05160093   0.05159173   0.05158145   0.05157009   0.05155764   0.05154413   0.05152953   0.05151385  
    0.05149710   0.05147927   0.05146037   0.05144039   0.05141934   0.05139722   0.05137403   0.05134977  
    0.05132444   0.05129804   0.05127058   0.05124206   0.05121247   0.05118183   0.05115012   0.05111736  
    0.05108354   0.05104866   0.05101274   0.05097576   0.05093774   0.05089867   0.05085855   0.05081740  
    0.05077520   0.05073196   0.05068770   0.05064239   0.05059606   0.05054870   0.05050031   0.05045090  
    0.05040047   0.05034902   0.05029656   0.05024308   0.05018859   0.05013310   0.05007660   0.05001910  
    0.04996061   0.04990111   0.04984063   0.04977916   0.04971670   0.04965326   0.04958884   0.04952345  
    0.04945708   0.04938975   0.04932145   0.04925219   0.04918197   0.04911079   0.04903867   0.04896560  
    0.04889158   0.04881663   0.04874074   0.04866392   0.04858617   0.04850750   0.04842791   0.04834740  
    0.04826598   0.04818366   0.04810043   0.04801631   0.04793129   0.04784538   0.04775859   0.04767092  
    0.04758237   0.04749294   0.04740265   0.04731150   0.04721949   0.04712663   0.04703292   0.04693837  
    0.04684298   0.04674675   0.04664969   0.04655182   0.04645312   0.04635361   0.04625329   0.04615216  
    0.04605024   0.04594752   0.04584402   0.04573973   0.04563467   0.04552883   0.04542223   0.04531486  
    0.04520674   0.04509787   0.04498825   0.04487789   0.04476680   0.04465498   0.04454244   0.04442918  
    0.04431520   0.04420053   0.04408515   0.04396908   0.04385231   0.04373487   0.04361675   0.04349796  
    0.04337850   0.04325838   0.04313761   0.04301620   0.04289414   0.04277144   0.04264812   0.04252417  
    0.04239961   0.04227443   0.04214865   0.04202228   0.04189531   0.04176775   0.04163961   0.04151090  
    0.04138162   0.04125179   0.04112139   0.04099045   0.04085896   0.04072694   0.04059439   0.04046132  
    0.04032773   0.04019363   0.04005903   0.03992393   0.03978834   0.03965226   0.03951571   0.03937868  
    0.03924119   0.03910325   0.03896485   0.03882600   0.03868672   0.03854701   0.03840687   0.03826631  
    0.03812534   0.03798396   0.03784219   0.03770002   0.03755747   0.03741454   0.03727124   0.03712757  
    0.03698355   0.03683917   0.03669444   0.03654938   0.03640399   0.03625827   0.03611223   0.03596588  
    0.03581922   0.03567227   0.03552503   0.03537750   0.03522969   0.03508161   0.03493326   0.03478466  
    0.03463581   0.03448671   0.03433737   0.03418780   0.03403801   0.03388800   0.03373778   0.03358735  
    0.03343673   0.03328591   0.03313491   0.03298373   0.03283238   0.03268087   0.03252920   0.03237738  
    0.03222541   0.03207330   0.03192107   0.03176871   0.03161623   0.03146364   0.03131094   0.03115815  
    0.03100526   0.03085229   0.03069924   0.03054611   0.03039292   0.03023967   0.03008637   0.02993302  
    0.02977964   0.02962621   0.02947276   0.02931929   0.02916581   0.02901231   0.02885882   0.02870533  
    0.02855185   0.02839839   0.02824495   0.02809154   0.02793816   0.02778483   0.02763155   0.02747831  
    0.02732515   0.02717204   0.02701901   0.02686606   0.02671319   0.02656041   0.02640773   0.02625516  
    0.02610269   0.02595033   0.02579810   0.02564599   0.02549402   0.02534218   0.02519049   0.02503894  
    0.02488756   0.02473633   0.02458527   0.02443438   0.02428367   0.02413314   0.02398280   0.02383266  
    0.02368272   0.02353298   0.02338346   0.02323415   0.02308506   0.02293620   0.02278758   0.02263919  
    0.02249104   0.02234314   0.02219550   0.02204812   0.02190100   0.02175415   0.02160757   0.02146127  
    0.02131526   0.02116953   0.02102410   0.02087897   0.02073415   0.02058963   0.02044543   0.02030154  
    0.02015798   0.02001474   0.01987184   0.01972927   0.01958705   0.01944517   0.01930365   0.01916247  
    0.01902166   0.01888121   0.01874113   0.01860143   0.01846210   0.01832315   0.01818458   0.01804641  
    0.01790863   0.01777125   0.01763427   0.01749769   0.01736153   0.01722578   0.01709044   0.01695553  
    0.01682105   0.01668699   0.01655336   0.01642018   0.01628743   0.01615512   0.01602327   0.01589186  
    0.01576091   0.01563041   0.01550038   0.01537081   0.01524171   0.01511308   0.01498493   0.01485725  
    0.01473006   0.01460334   0.01447712   0.01435138   0.01422614   0.01410139   0.01397714   0.01385340  
    0.01373015   0.01360742   0.01348519   0.01336348   0.01324228   0.01312160   0.01300145   0.01288181  
    0.01276270   0.01264412   0.01252606   0.01240854   0.01229156   0.01217511   0.01205920   0.01194383  
    0.01182901   0.01171473   0.01160100   0.01148782   0.01137519   0.01126312   0.01115160   0.01104064  
    0.01093024   0.01082039   0.01071111   0.01060240   0.01049425   0.01038667   0.01027966   0.01017321  
    0.01006734   0.00996205   0.00985733   0.00975318   0.00964961   0.00954662   0.00944421   0.00934238  
    0.00924113   0.00914047   0.00904039   0.00894089   0.00884198   0.00874366   0.00864592   0.00854878  
    0.00845222   0.00835626   0.00826088   0.00816610   0.00807190   0.00797830   0.00788530   0.00779288  
    0.00770107   0.00760984   0.00751921   0.00742918   0.00733974   0.00725090   0.00716265   0.00707501  
    0.00698795   0.00690150   0.00681564   0.00673037   0.00664570   0.00656163   0.00647816   0.00639528  
    0.00631300   0.00623132   0.00615023   0.00606973   0.00598983   0.00591053   0.00583182   0.00575370  
    0.00567618   0.00559925   0.00552291   0.00544717   0.00537202   0.00529745   0.00522348   0.00515010  
    0.00507730   0.00500509   0.00493347   0.00486244   0.00479199   0.00472213   0.00465285   0.00458415  
    0.00451603   0.00444849   0.00438154   0.00431516   0.00424936   0.00418413   0.00411948   0.00405540  
    0.00399190   0.00392896   0.00386660   0.00380480   0.00374357   0.00368291   0.00362281   0.00356327  
    0.00350429   0.00344588   0.00338802   0.00333072   0.00327397   0.00321778   0.00316214   0.00310704  
    0.00305250   0.00299850   0.00294505   0.00289214   0.00283977   0.00278794   0.00273665   0.00268589  
    0.00263566   0.00258597   0.00253681   0.00248817   0.00244007   0.00239248   0.00234542   0.00229887  
    0.00225284   0.00220733   0.00216233   0.00211784   0.00207386   0.00203039   0.00198742   0.00194495  
    0.00190298   0.00186151   0.00182054   0.00178006   0.00174006   0.00170056   0.00166154   0.00162301  
    0.00158495   0.00154738   0.00151028   0.00147365   0.00143750   0.00140181   0.00136659   0.00133183  
    0.00129754   0.00126370   0.00123032   0.00119739   0.00116491   0.00113288   0.00110129   0.00107015  
    0.00103945   0.00100918   0.00097935   0.00094995   0.00092098   0.00089244   0.00086432   0.00083662